DST2308*01PPX120   0 -12 -11  -9  -5  -1  -4  -4   1   6   9  10  18  16  20  24  22  20  15   9  14  13  11   6   6   7
DST2308*02PPX120   0  10  15  21  22  23  12   4  -3  -9 -17 -26 -27 -32 -39 -45 -44 -39 -34 -28 -29 -32 -31 -30 -24 -16
DST2308*03PPX120   0 -20 -19 -15  -8  -6  -4  -4  -5  -7  -8 -12 -10 -13 -13 -13  -9  -7   0   3   1  -2  -3  -6  -6  -8
DST2308*04PPX120   0  -5  -7  -4  -1   0   0  -2   0   8   5   4   2   2  15  23  22  21  20  -2  -3  -6 -16 -22 -22   1
DST2308*05PPX120   0 -38 -53 -38 -33 -69 -89 -93 -79 -63 -63 -66 -78 -74 -71 -65 -68 -68 -63 -57 -52 -49 -45 -40 -39 -61
DST2308*06PPX120   0 -37 -37 -38 -36 -35 -34 -33 -33 -32 -32 -32 -30 -26 -23 -23 -22 -22 -17 -15 -14 -14 -15 -16 -15 -26
DST2308*07PPX120   0 -14 -12 -23 -35 -40 -39 -38 -36 -33 -31 -28 -23 -14 -10 -11 -13 -13 -12 -10 -15 -22 -23 -21 -20 -22
DST2308*08PPX120   0 -28 -31 -31 -30 -30 -30 -30 -29 -26 -23 -20 -20 -21 -18 -16 -14 -12  -9  -9  -6  -2  -2  -5  -7 -19
DST2308*09PPX120   0 -10 -14 -12  -4  -2  -5  -9  -9 -13  -9  -7  -4  -2  -1  -2  -2   2   4   4  -1  -1  -1  -5  -4  -4
DST2308*10PPX120   0  -3  -9 -11  -9 -11 -11  -9  -9 -14 -14 -15 -17 -13  -8  -2  -1   2  -1  -1  -5  -3  -4  -1   0  -7
DST2308*11PPX120   0   0  -3  -2   2   5   5   6   1  -2  -3   1   2   3   4   4   6   7   7   7   8   8   8   7   5   4
DST2308*12PPX120   0   2   2   3   2  -1   0   2   2   4   3   1  -2  -1   1   2   3   1   0   3   3  -3  -4  -3  -1   1
DST2308*13PPX120   0  -1  -1   3   5   4  -1  -1   3   3   3   3   3   5   5   5   6   6   9  10   9  10   8   8   8   5
DST2308*14PPX120   0   7   9  11  14  10   9   8  10  14  14  13   9   6   5   3   3   3   2   2   1  -1   2   5   6   7
DST2308*15PPX120   0   8   7  11  13  14  14  13  14  13  12  12  13  14  14  15  16  14  14  11   7   3   1   0  -1  11
DST2308*16PPX120   0   3   4   8  12  13  11   9  11  12  12  12  11  11  11   2  -8 -18 -21 -21 -19 -18 -12  -5  -1   1
DST2308*17PPX120   0   1   2   5   3  -1  -2  -7  -6  -5   2   5   4   2   2   1   4  14  17  17  21  22  23  26  29   7
DST2308*18PPX120   0  32  32  26  15   8   7  -3  -9  -3  -3  -8  -3   0   5   3   2   3   2   2   2  -3  -4  -6  -5   4
DST2308*19PPX120   0  -3   0   3   1   0   2  -1   0   2   3   4   6   9  11  14  15  17  18  18  16   0  -2  -1   0   6
DST2308*20PPX120   0   0  -4  -9  -8   0   3   4   4   6   8   1  -2  -2  -1  -2  -2   0   4   5   6   5   7   6   6   1
DST2308*21PPX120   0   5   6   8   9   4   5   8   9   6   6  12  10   1   0  -1  -3  -1   0   0   1   8  10  10   6   5
DST2308*22PPX120   0   3   6   3   0  -5  -5  -8  -9  -9  -9  -9  -7  -9  -8 -11 -11  -6  -1   1   1   1  -2  -3   0  -4
DST2308*23PPX120   0   3   4   6  10  12  11   9   9  10  12  12  12  11   9   9   8   7   6   7  10  12  13  15  17  10
DST2308*24PPX120   0  15  13  14  18  17  15  13  12  16  16  13   9   8  12  13   4   0   6   8   1  -6  -9  -5  -1   8
DST2308*25PPX120   0   4   5   4   2   1   0   0   1   3   4   4   4   0  -4  -7  -7  -4  -3  -3  -2  -2  -1  -2  -3   0
DST2308*26PPX120   0   0   1   6   6   1   2  -2  -4   1   3   5   2  -2   0  -3  -8  -9  -5  -4  -3   2   8  10   6   1
DST2308*27PPX120   0   7   2  -4  -6  -6 -11 -10 -15 -11  -4  -1   1   2   4   4   3   0   0  -3  -3  -4  -2  -1   1  -2
DST2308*28PPX120   0   2   1   0  -3  -8  -8  -9  -6  -7  -3  -4  -8 -12 -13 -11  -7  -3  -2   0  -3  -1   0   3   4  -4
DST2308*29PPX120   0   9  11  14  16  12  10  10  12  15  18  17   2  -8  -5  -4  -1   1   1   3   4   3   3   1  -2   6
DST2308*30PPX120   0  -4  -4   0   2   2   0   0   0   6   7   5  -3 -11 -13  -9  -7  -4   0   3   1   3   7   6   5   0
DST2308*31PPX120   0   8  11  14  13  12   9   0  -4   4  10  16  18  21  22  21  19  20  22  19  17  16  18  16  11  14

[Created at Wed Jul 17 01:35:10 UTC 2024]
