DST2508*01RRX020   0  11  12  13   8  10  17  18  20  14  14  14  16  12   7   4   4   5   7   6   8  10   4   5  11  10
DST2508*02RRX020   0  13   8   0  -4  -2   2   3   6   6   5   2   1   0  -2  -3  -1   0   1   4   2   2   3  10  11   3
DST2508*03RRX020   0  10   6   3   5   7   7  11  14  15  16  14  14  13  11  10  10   6   8  10   6   8   7   9  10  10
DST2508*04RRX020   0  11  12  14  14  14  16  16  12  11  10   6   6   7   5   5   3  -1  -1   3   6   5   0   0   3   7
DST2508*05RRX020   0   2   3   7   6   3   7   8  10  13  14  12  10   7   4   1   1   2   7  12   6  -1  -6  -1   2   5
DST2508*06RRX020   0   4   8   9   8  11  13  15  18  17  17  13  12  11   9   7   4   3   7   9   8   7   8   5   5  10
DST2508*07RRX020   0   8  10  10   9  10  12  14  15  13  15  14  16  21  20  16  14  14  13  11  13  13  11  10  12  13
DST2508*08RRX020   0  14  20  26  30  33  34  31  28  24  26  22  13  -2 -10   1 -12 -15  -7  -7 -10 -18 -28 -12   0   8
DST2508*09RRX020   0   2  -9 -16 -32 -44 -55 -55 -59 -61 -60 -71 -60 -63 -60 -63 -63 -58 -46 -39 -37 -41 -36 -32 -30 -45
DST2508*10RRX020   0 -34 -28 -22 -17 -16 -20 -21 -30 -36 -36 -22 -29 -32 -38 -39 -36 -31 -30 -31 -34 -38 -31 -25 -26 -29
DST2508*11RRX020   0 -23 -16 -15 -18 -12 -11 -11 -16 -18 -14  -8  -5  -7 -14 -21 -25 -22 -15  -9  -8 -12 -13 -10 -11 -14
DST2508*12RRX020   0 -11 -15 -22 -25 -22 -13 -10  -9 -12 -12 -13 -11  -9 -13 -15 -17 -17 -15  -9  -7  -5 -10 -16 -15 -13
DST2508*13RRX020   0 -14 -15 -17 -19 -21 -14 -12  -9  -9  -9 -12  -9  -6  -7  -7  -9 -12 -15 -11 -12 -10 -16 -14 -15 -12
DST2508*14RRX020   0 -10 -11 -11 -11 -14 -21 -24 -20 -13  -8 -10  -7  -7  -9  -9  -7  -8  -7  -7  -8  -7  -5  -2   0 -10
DST2508*15RRX020   0  -2  -1  -1  -7  -6  -5  -6  -8  -5  -1   0   1   0  -4  -8 -11 -12 -13 -11  -6  -1   0   5   9  -4
DST2508*16RRX020   0   9   9   7   3   5   6   7   9  12  12  11  10  12  10   8   7   5   2   3   4   4   1   1   1   7
DST2508*17RRX020   0   3   4   5   2   1   0  -1   2   7  10  10  11  10   3  -1  -2   0   2   4   9  11  13  17  19   6
DST2508*18RRX020   0  20  19  19  18  19  21  23  26  27  25  24  15   7   4   5   5   0  -1   7  10  11  14  18  22  15
DST2508*19RRX020   0  13  15  22  25  19  25  25  25  23  18  17  22  26  16  11   6   9  10  -2   1  -7 -10  -2  -2  13
DST2508*20RRX020   0  -7 -12 -17 -21 -16 -13  -8  -7 -12  -6   0   1   1  -4  -6  -5  -1  -3  -4  -3  -9 -18 -16  -7  -8
DST2508*21RRX020   0  -2   0  -4  -9  -2   5  10  12  15  17  16  14  11   7   6   5   5   3  -6  -5  -2  -2  -1   2   4
DST2508*22RRX020   0   2   0   0   4   7  11  13  14  14  14  14  13  11  11  12  12  14  11   7   5   2  -1  -2   1   8
DST2508*23RRX020   0   4   9  10   9   7  12  13  13  14  14  13  10  10   7   4   4   7  10  11  11   9   9   9   7   9
DST2508*24RRX020   0   8   8   9   6  13  18  21  21  21  19  17  13  11   6   6  11  24  28  24  25  24  24  23  20  17
DST2508*25RRX020   0  19  18  15  18  22  24  26  27  28  30  31  30  31  29  18  12  18  23  23  16  13  10  12  13  21
DST2508*26RRX020   0  13  16  13   7   1  -9  -7   4   8  10   9  12  15  11   8   7   7   7   8  13  12   9   5   3   8
DST2508*27RRX020   0   3   7   9  11  16  19  20  20  21  22  20  21  15   6   9  15  19  21  18  11  10  14  15  17  15
DST2508*28RRX020   0  17  16  12  16  17  13  14  18  19  16  16  17  16  11  13  16  18  20  20  19  16  13  16  17  16
DST2508*29RRX020   0  16  15  13  13  11  13  14  19  21  21  17  14   9   7   8   9  12  16  17  14  11  11  11  11  13
DST2508*30RRX020   0   7   3   0   2   7  11  13  11   9  10  13  14  11   8  12  13  13  11  13  17  21  23  24  28  12
DST2508*31RRX020   0  28  29  26  24  28  26  27  27  31  27  25  24  16  12  14  14  13  16  19  21  16   9  13  15  21

[Created at Thu Oct 2 15:05:18 UTC 2025]
