DST2302*01PPX120   0 -19 -19 -16 -10 -10  -8  -5  -5  -3   1   5   6   7  11  15  14  14  14   9  -2 -14 -12 -15 -16  -2
DST2302*02PPX120   0 -21 -23 -20 -15 -13 -11 -10  -7  -2   0  -2  -2  -1  -1  -3  -6  -9 -10  -8  -6  -5  -2  -2  -2  -8
DST2302*03PPX120   0   4   3   0   0  -1   3   5   4   6   9  13  15  18  16  12   7  -3 -10 -18 -24 -17 -11  -6  -4   1
DST2302*04PPX120   0  -3  -4  -3  -3  -5  -8 -11 -12 -11  -9  -9  -8  -8  -9  -8  -7  -5  -6  -5  -2   0   1   2   0  -6
DST2302*05PPX120   0   0   1   2   2   1   4   6   6   5   7  11  12  13  11  13  16  14  12  13  16  17  20  24  26  11
DST2302*06PPX120   0  23  11   7   5   3  -1  -5   2   3 -11 -17  -7  -1  -4  -6  -7  -5  -4  -3  -4  -2 -13 -13 -10  -2
DST2302*07PPX120   0 -18 -17 -15 -18 -27 -27 -22 -17 -24 -21 -23 -27 -25 -23 -26 -30 -30 -29 -29 -26 -21 -20 -20 -20 -23
DST2302*08PPX120   0 -19 -23 -18 -16 -21 -20 -14  -8  -7 -13 -11 -17 -18 -19 -17 -16 -13 -17 -16 -17 -15 -14 -14 -15 -16
DST2302*09PPX120   0 -21 -21 -22 -18 -28 -20 -19 -18 -24 -25 -21 -22 -24 -24 -23 -19 -20 -18 -14 -18 -26 -37 -38 -31 -23
DST2302*10PPX120   0 -36 -43 -47 -43 -39 -35 -31 -31 -24 -17 -19 -19 -20 -27 -22 -18 -20 -20 -21 -21 -23 -23 -24 -32 -27
DST2302*11PPX120   0 -31 -32 -29 -27 -26 -19 -13 -11 -15 -26 -31 -24 -18 -15 -14 -15 -12 -12 -11 -11  -9  -8 -11 -12 -18
DST2302*12PPX120   0 -16 -19 -22 -19 -22 -20 -17 -14 -10 -11 -12 -10  -9  -7  -8 -11 -12 -12 -12 -11 -11 -14 -14 -12 -14
DST2302*13PPX120   0 -12  -8  -8  -5  -3  -2   1   2   3   2   2   3   7   6   3   4  10  11  13  10   8   1  -2  -3   2
DST2302*14PPX120   0  -1   7   8   6   5   7  11   6   3   0   1   6   3  -3  -5  -6  -7  -9 -10  -7  -3  -5  -9  -4   0
DST2302*15PPX120   0 -10  -9  -9  -4  -2  -3 -20 -38 -49 -50 -52 -55 -58 -64 -67 -64 -69 -72 -67 -67 -69 -71 -69 -48 -45
DST2302*16PPX120   0 -41 -28 -24 -18 -19 -29 -53 -50 -38 -38 -42 -37 -27 -35 -52 -52 -53 -45 -42 -42 -39 -37 -36 -32 -38
DST2302*17PPX120   0 -31 -29 -31 -36 -36 -30 -26 -26 -26 -25 -20 -18 -20 -21 -22 -22 -18 -19 -20 -19 -16 -14 -15 -17 -23
DST2302*18PPX120   0 -17 -17 -15 -13 -16 -12 -10  -7  -4  -4  -3  -1  -3  -4  -5  -3  -1  -3  -6 -13 -10 -10  -8 -11  -8
DST2302*19PPX120   0 -12 -10  -9  -7  -7  -7  -7  -4   0   0  -4  -9  -7  -5  -5 -10 -11  -8  -8 -12 -10 -10 -10  -9  -8
DST2302*20PPX120   0  -5  -4  -3   0   1   2   4   6   9  10  15  19  13  14  14   7  10   3   1  -4  -7  -3   0   4   4
DST2302*21PPX120   0   4  -2  -5  -1  -1  -8  -9 -16 -25 -40 -47 -50 -39 -30 -22 -23 -25 -24 -23 -21 -18 -15 -13 -13 -19
DST2302*22PPX120   0  -7  -4  -4  -6  -9  -6  -5  -3  -4  -5  -7 -10 -20 -15 -11 -15 -12 -13 -12 -15 -15 -13  -7  -1  -9
DST2302*23PPX120   0   4   0  -9  -2  -6 -13 -12 -15 -18 -16 -19 -25 -18 -15 -13 -20 -24 -27 -21 -25 -26 -26 -18 -12 -16
DST2302*24PPX120   0 -13  -8  -1   3   5   3   1   0   0   3   0  -5 -10  -6  -2  -2  -1  -3  -4  -4  -2  -5  -9  -9  -3
DST2302*25PPX120   0 -10  -9  -5  -4  -4  -4  -4  -2  -4  -3  -2   4   6  11   8   1  -3 -10 -20 -30 -34 -35 -26 -31  -9
DST2302*26PPX120   0 -27 -18 -14 -14  -4   0   3   9   4  -7 -17 -14 -12  -7  -4  -7  -1   2   2  17   4 -38 -65 -56 -11
DST2302*27PPX120   0 -53 -59 -67 -61 -51 -71 -86 -84 -94-109 -99-110-132-105 -84 -83 -96-108 -96 -84 -92-111-109-104 -90
DST2302*28PPX120   0 -99-100 -96 -91 -84 -80 -77 -78 -72 -73 -69 -60 -55 -56 -55 -54 -53 -53 -51 -56 -59 -53 -53 -50 -68

[Created at Tue Mar 5 04:32:26 UTC 2024]
