DST2307*01PPX120   0  -8  -6  -8 -11  -8  -6  -6  -7  -7  -8  -8  -8  -8  -8  -8  -6  -9 -11  -8  -4  -2  -2   1   1  -6
DST2307*02PPX120   0   3   4   2  -2  -3  -1   1   0   0  -2  -4  -5  -5  -4  -6  -5  -4  -6  -5  -4  -5  -8  -9  -7  -3
DST2307*03PPX120   0  -4   1   6   8   6   5   7  10  10   9  10   8   6   3   4   2   0  -1   1   1   0   0   0  -1   4
DST2307*04PPX120   0  -2  -1   3   2   1   1   1   0   3   3   4   4   3   5   3   3   3   3   4   2   5  12  12  10   4
DST2307*05PPX120   0   9   6   3   4   5   7   7  11  15  15  14  19  24  30  29  27  25  23  22  24  19  13  22  20  16
DST2307*06PPX120   0  13  15  10   9   8   6   5   7  10   9  13  -2   0   6   7   5   5   3   3   7   8   5   0  -7   6
DST2307*07PPX120   0 -10  -4  -1   2   1  -3  -8  -3  -9 -23 -26 -27 -24 -20 -28 -31 -30 -32 -34 -35 -28 -27 -31 -31 -19
DST2307*08PPX120   0 -31 -25 -18 -18 -17 -16 -18 -19 -12  -9  -9 -10 -11 -12 -11 -10  -6  -1   1   4   3   1  -1  -2 -10
DST2307*09PPX120   0   0   1   0  -1  -2   1   1  -1   0  -1  -4  -6  -6  -5  -2  -2  -1   1   3   2   0  -2  -2   0  -1
DST2307*10PPX120   0  -1   0  -4  -4  -1   1   0  -1  -3  -3  -4  -3  -4  -3  -3   0   2   2   3   6   9  10   9   7   1
DST2307*11PPX120   0   9  10   8   4  -1  -3  -6  -7  -6   0   1   1   0  -3  -3   1   0  -4  -1  -1  -1   0   0   2   0
DST2307*12PPX120   0   3   4   7   6   2   0  -3  -2   1   3   4   2   0  -2  -2  -6  -7  -5  -1  -2  -4  -9  -9  -3  -1
DST2307*13PPX120   0   5   7  12  17  18  15  11   7   7   9   6   4  12  12  15  18  22  26  20  17  15  15  14  12  13
DST2307*14PPX120   0   7  -3  -2  -9 -21 -35 -43 -38 -31 -25 -18 -13  -9  -8 -10 -15 -11 -13 -23 -29 -26 -27 -34 -33 -20
DST2307*15PPX120   0 -26 -21 -16 -13 -14 -13 -12 -10  -9 -11  -9 -14 -16 -17 -21 -23 -23 -24 -23 -22 -23 -21 -23 -22 -18
DST2307*16PPX120   0 -20 -18 -16 -15 -16 -15 -15 -15 -17 -19 -19 -15 -12 -12 -12 -13 -14 -12 -10   0  -2 -16 -35 -53 -16
DST2307*17PPX120   0 -43 -30 -26 -27 -25 -17 -11 -18 -33 -38 -41 -48 -38 -39 -44 -48 -47 -42 -40 -40 -44 -44 -48 -39 -36
DST2307*18PPX120   0 -34 -33 -31 -31 -34 -32 -33 -32 -23 -19 -17 -13  -9 -12  -6  -4  -7  -9  -6  -4  -1  -3  -6  -9 -17
DST2307*19PPX120   0 -11 -15 -13 -10 -11 -13 -13 -10 -10  -8  -8  -4   0   1   0  -1  -2  -3  -6  -8  -4  -5  -5  -5  -7
DST2307*20PPX120   0  -1  -1   2   6   7   4   3   3   2   0   0  -1   1   5   7   5   9  22   9  -1  -1   0  -1  -2   3
DST2307*21PPX120   0   2  10  11   2   3   6   1  -2   4   5   2   2   7   8   7   2   4   2   3   0  -2  -1  -7 -22   2
DST2307*22PPX120   0 -34 -26 -14 -16 -20 -20 -17 -14  -8 -14 -17 -16 -14 -11  -9 -10 -10 -10  -9  -8  -9 -12 -14 -15 -14
DST2307*23PPX120   0 -11  -9  -6  -5  -4  -3   0  -2  -7  -7  -5  -5  -4  -3  -2  -5  -6  -7  -9  -9 -10  -8 -10 -11  -6
DST2307*24PPX120   0 -14 -16 -12 -10 -10  -6  -5  -5  -5  -3  -2   0   0  -4  -4  -5  -6  -8  -9  -7  -4  -1  -1   0  -6
DST2307*25PPX120   0  -2  -7  -9  -9  -6  -3  -4  -5  -4  -4  -3  -2   0  -2  -6 -12 -16 -17 -13 -15 -20 -25 -22 -12  -9
DST2307*26PPX120   0 -17 -12  -6 -13 -23 -23 -38 -44 -52 -47 -49 -39 -35 -36 -35 -38 -39 -40 -36 -28 -26 -27 -29 -27 -32
DST2307*27PPX120   0 -24 -20 -18 -16 -16 -11 -10  -8 -10  -6  -8  -2   2   5   7   6   4  -1  -8 -11 -11  -7  -7 -10  -8
DST2307*28PPX120   0 -13 -12  -6  -4  -4  -5  -2   1   3   3   3   7  11   8   6   5   5   6   9   8   2  -1  -7 -12   0
DST2307*29PPX120   0 -11 -14 -18 -16 -17 -16  -8  -4  -2  -3  -1   2   3  -3  -5  -2   2  -3  -6  -4  -3  -5 -10 -10  -6
DST2307*30PPX120   0  -9  -8  -6  -3  -5 -12 -15 -15 -17 -17 -13 -13 -14 -13 -13 -14 -16 -19 -20 -20 -20 -19 -17 -14 -14
DST2307*31PPX120   0 -15 -15 -15 -14 -12  -9 -15 -19 -15 -13 -15 -17 -22 -20 -15 -16 -20 -20 -17 -17 -23 -30 -29 -24 -18

[Created at Wed Jul 17 01:35:03 UTC 2024]
