DST2509*01RRX020   0  15  16  21  23  24  24  24  22  23  24  22  22  17  14  13  12  12  14  15  14  11  53  45  43  22
DST2509*02RRX020   0  32   5  13  20   1  -3  -3  13   5  10  25  14   3  -3  -1   5   6  -6 -24 -31 -52 -64 -74 -69  -7
DST2509*03RRX020   0 -62 -58 -51 -45 -43 -31 -31 -33 -28 -21 -16 -12 -12 -18 -24 -24 -22 -22 -24 -21 -19 -22 -21 -20 -28
DST2509*04RRX020   0 -17 -15 -20 -18 -13  -9 -10 -12  -9  -2   1   1  -2  -4  -7 -14 -17 -18 -21 -29 -35 -31 -26 -20 -14
DST2509*05RRX020   0 -20 -17 -13  -9  -4   1   3   2   4   1  -4  -3   3   6   6   2   3   6   7   4  -5  -4  -4  -5  -2
DST2509*06RRX020   0  -9 -14 -17 -20 -13 -13 -16 -17 -10  -4  -9  -7 -18 -25 -17  -9 -12 -22 -45 -39 -34 -34 -34 -32 -20
DST2509*07RRX020   0 -31 -28 -27 -26 -25 -24 -23 -22 -19 -16 -15 -17 -17 -21 -23 -24 -19 -14 -11 -11 -16 -22 -19 -13 -20
DST2509*08RRX020   0 -13 -15  -7  -6 -10 -13 -12 -12  -8 -12 -21 -20 -13 -14 -16 -21 -22 -18 -15 -16 -12 -18 -14 -11 -14
DST2509*09RRX020   0  -8  -6   2  -2  -1   2   3   1   6   8   6   4   1  -3  -5  -7  -2  -1  -4  -3  -9 -19 -25 -16  -3
DST2509*10RRX020   0 -18 -21 -25 -25 -19 -12  -9  -7  -5  -1  -1  -3  -2  -5  -8  -7  -3  -3   0   2   1  -4 -10 -14  -8
DST2509*11RRX020   0 -13  -7 -11 -12  -9 -14 -22 -24 -22 -18 -16 -17 -17 -17 -17 -16 -10 -10  -6  -4  -6  -6  -6  -3 -13
DST2509*12RRX020   0   1   4   5   6   3   1   0   0   0   2  -5  -5  -7 -10  -7  -4  -3  -6  -7  -8 -10 -10  -6  -4  -3
DST2509*13RRX020   0  -5   0  -1  -3  -4  -7  -9  -7  -6  -3  -1   1  -1  -7  -8  -6  -4  -4  -2   1   2   5   9   9  -2
DST2509*14RRX020   0   8  10  11  10  12  14  14  17  15  13  12  10   7   4   6  13  23  31  32  35  24  25  24  13  16
DST2509*15RRX020   0 -30 -65 -72 -63 -70 -71 -67 -63 -42 -35 -36 -30 -35 -43 -39 -36 -34 -34 -30 -37 -38 -44 -40 -37 -45
DST2509*16RRX020   0 -41 -31 -31 -26 -20 -19 -17 -19 -14 -14 -12 -10 -13 -19 -23 -20 -17 -16 -17 -17 -17 -20 -16 -11 -19
DST2509*17RRX020   0  -6  -7 -10  -8  -5  -5  -7 -14 -15 -10  -9  -8  -7 -12 -14 -13 -13 -14 -12 -14 -16 -16 -12  -6 -11
DST2509*18RRX020   0  -1   0   0   0   2   3   1   0   1   1  -1  -6  -7  -6  -9  -9  -7  -6  -6  -8  -8  -7  -5  -3  -3
DST2509*19RRX020   0  -2  -2  -2   0   2   4   5   5   8  11  10  10  10   8   7   4   5   7   8  10  10  10  11  13   6
DST2509*20RRX020   0  12  12  15  13  10   6   6   8   9  13  14  10   8   5   5   6   8   8   8  10   9   9  12  14  10
DST2509*21RRX020   0  14  14  15  19  21  22  21  21  22  24  24  23  21  15  14  12  15  15  15  14  10  11  17  23  18
DST2509*22RRX020   0  23  29  23  23  18  25  32  28  28  37  40  40  24  30  31  30  22  15   6  -2  -6  -3   5   8  21
DST2509*23RRX020   0   4  -7 -10 -10  -6  -5  -8   0   5   9   5   5  -1  -2  -2 -10  -9  -2  -1  -6  -6  -7  -6  -6  -3
DST2509*24RRX020   0  -6  -5  -5  -3   3   8  10  12  11  13  11   6   4   2   5   3   5   8  10  11   9   6   7  11   6
DST2509*25RRX020   0  11   8   6   4   9  14  14  14  11   5   6  10   9   7   6   5   2   6   9   8   4   3   3   2   7
DST2509*26RRX020   0  -3  -3  -2  -2  -1   6   9  10  12  13  13  10  12  11   9   7   7   9  11  11  12  16  17  16   8
DST2509*27RRX020   0  11   8   9  14  18  20  21  22  20  20  19  17  17  16  11  10  13  19  21  20  15  14  16  16  16
DST2509*28RRX020   0  22  16   5  10  17  26  26  24  26  28  26  27  25  22  17  15  10   6  14  15  17  10  11  12  18
DST2509*29RRX020   0   8   3   3  -4  -8  -6  -5 -13 -24 -42 -57 -53 -49 -49 -55 -67 -75 -77 -80 -80 -70 -64 -59 -49 -41
DST2509*30RRX020   0 -41 -35 -41 -31 -59 -67 -82 -98 -94 -77 -69 -78 -76 -65 -62 -64 -67 -63 -72 -72 -69 -71 -68 -57 -66

[Created at Thu Oct 2 15:05:10 UTC 2025]
