DST2507*01RRX020   0 -17 -14 -12 -15 -10  -5  -6  -6  -3  -3  -3  -6  -5  -7  -7  -7  -8  -4  -1   0   0  -3  -4   1  -6
DST2507*02RRX020   0   5   5   2   5  10   5   5   6   8   3   4   7   9   6   9   8  12  14  13  16  17  19  22  24  10
DST2507*03RRX020   0  20  17  10   4  -3   4  12  18  23  18  31  36  37  29  16  10  11  10   9   7   1  -3  -7 -15  12
DST2507*04RRX020   0 -20 -18 -18 -19 -20 -19 -18 -15 -11  -8  -8 -10 -12 -15 -16 -16 -15 -11  -9 -11 -13 -16 -21 -17 -15
DST2507*05RRX020   0  -7   3   0 -12 -18 -17  -7 -13  -8 -12 -26 -22 -19 -17 -22 -19 -11 -10  -9  -8  -6 -12 -15  -6 -12
DST2507*06RRX020   0  -6  -6 -15 -33 -34 -26 -20 -26 -24 -20 -23 -24 -27 -21 -20 -21 -21 -18 -16 -11 -20 -28 -23 -18 -21
DST2507*07RRX020   0 -26 -37 -51 -49 -32 -31 -28 -29 -23 -20 -20 -19 -19 -19 -20 -21 -19 -23 -17 -13 -16 -14 -12  -9 -24
DST2507*08RRX020   0  -8  -9  -6  -4   1  -8  -5  -4  -2  -4  -9  -9  -7  -7  -9 -13 -18 -15 -13 -11 -12 -15 -13 -12  -9
DST2507*09RRX020   0 -11  -7  -3  -3  -4  -1  -1  -5  -6  -2  -1  -4  -3  -7  -5  -3  -1  -3  -2   2   3   1   1   5  -3
DST2507*10RRX020   0  11  12  12  11  13  14  17  17  18  18  18  20  23  21  21  21  22  23  23  24  25  23  25  30  19
DST2507*11RRX020   0  32  39  33  27  24  28  24  19  13   4  -8 -18 -17 -15 -11 -10  -2  -3  -2 -11 -13 -12  -4  -4   5
DST2507*12RRX020   0   1   7  -1   2   3   2  -6  -8   1   5   6  -1  -3  -5  -2  -3   1   4   3   4   4  10  17  18   2
DST2507*13RRX020   0  21  14  -4 -20 -30 -18 -12 -19 -22 -17 -13  -9 -12 -13 -13 -13 -12 -15 -16 -17 -24 -22 -13  -4 -13
DST2507*14RRX020   0  -3   1  -2  -2   1   5   3  -2  -1  -1   3   4   5  -1  -3  -3  -1   2   1   3 -14  -9   1   3   0
DST2507*15RRX020   0  -4  -8 -14 -13 -13  -9  -7 -10 -18 -30 -28 -17 -14 -18 -21 -19 -16 -12  -7  -3  -3  -4  -4  -4 -12
DST2507*16RRX020   0  -4  -4  -8 -10  -4  -4  -2  -5  -8  -8  -9 -12  -8  -9 -11 -14 -13 -10  -7  -9 -20 -27 -27 -18 -10
DST2507*17RRX020   0 -16 -14 -22 -28 -22 -16 -14 -15 -16 -21 -22 -24 -21 -23 -21 -21 -23 -22 -20 -16 -11 -15 -14  -9 -19
DST2507*18RRX020   0  -6  -5  -6  -5  -1   1  -1  -2  -3   1  -5  -8 -12 -13 -16 -16 -12 -13 -12  -9  -8  -7  -4   1  -7
DST2507*19RRX020   0   4   4   5   2   0   0   1   1   2   2   0  -1   1   0  -3  -7  -7  -8  -7  -3   1   3   7  12   0
DST2507*20RRX020   0  20  21  18  15  12  11  10  12  14  15  13   8   9   6   7   4   5   7   8   7   8   4   2   4  10
DST2507*21RRX020   0   6   8   6   5   7   7   8   8   8   8   8   8   8   9  10  10  12  12  17  21  23  24  26  29  12
DST2507*22RRX020   0  33  33  31  31  32  25  24  25  25  26  29  36  36  38  41  37  33  30  32  26  24  12   5  10  28
DST2507*23RRX020   0  10  13   3   2   2   4   8   7  -1  -5 -10 -10  -9 -11 -20 -17 -12  -8  -9  -9 -12 -13 -14 -15  -5
DST2507*24RRX020   0 -20 -24 -20 -16 -13 -10  -6  -1   0  -4  -7 -11  -4  -4  -7  -7  -8  -9 -13 -13  -9 -10 -10  -5 -10
DST2507*25RRX020   0  -1   4   8   7   6   0   1   2   3   2   2   1   4   3   4   6   6   5   6   6   7   8   9  14   5
DST2507*26RRX020   0  16  11   8   4   3   3   4   6  10  11  17  19  12  -1  -4   1  -1   5  -1   0   0  -2   0   0   5
DST2507*27RRX020   0   0   1   1   3   5   9   6   9  10  11  10   6   8   9  10  10  18  24  25  22  19  14  15  18  11
DST2507*28RRX020   0  18  16  12  12  14  16  17  18  19  16  14  14  12  10  10   5   1   2   4   7   8   5   4   7  11
DST2507*29RRX020   0  12  10   8  15  16  17  13   7   7   5   1   3   4   5   7   9  15  16  21  20  19  15  14  12  11
DST2507*30RRX020   0  12  15  13  11  11  11  12  13  16  17  19  14   9   3   0   2   9  12   7   8  11  12  10  10  11
DST2507*31RRX020   0  10   9  15  16  18  16  16  12   8   7  13  11   8   9   6   4   2   4  10  13  12   9   5   8  10

[Created at Thu Oct 2 15:05:26 UTC 2025]
