DST2306*01PPX120   0 -19 -15 -19 -21 -27 -22 -15 -21 -33 -30 -26 -19 -20 -27 -33 -43 -42 -45 -45 -36 -29 -27 -22 -20 -27
DST2306*02PPX120   0 -20 -25 -24 -18 -16 -17 -15 -10 -10 -13 -13 -13 -15 -17 -15 -17 -17 -16 -13 -11 -12 -15 -14 -10 -15
DST2306*03PPX120   0  -9  -8  -7  -4  -3  -2  -5  -8 -10  -8  -5  -5  -3  -2  -2  -3  -2  -2  -3  -3  -1  -1   0   2  -4
DST2306*04PPX120   0   5  13  19  21  16  12  10   6   2   4   3   1  -5  -2   2   1   2   6   4  -8 -15 -16 -13 -13   2
DST2306*05PPX120   0 -14 -16 -13 -11 -11 -10  -8  -7  -6  -1  -3  -1  -1  -2  -1  -1   1   3   2   4   1   3   1   1  -4
DST2306*06PPX120   0   6   6  -1  -7  -4  -1  -2  -5  -4  -7  -7  -4  -3  -8  -9 -10  -8  -7  -8  -7  -5  -6  -7  -8  -5
DST2306*07PPX120   0  -6  -4  -4  -1  -1  -3  -1   2   1  -4  -4  -4  -6  -3  -1  -2  -2   0   1   1   0  -2  -2   0  -2
DST2306*08PPX120   0  -1  -2   1   5   4   4   1  -2  -5  -8  -8  -9  -9  -8  -5  -7  -5  -2  -2  -1   1   4   6   4  -2
DST2306*09PPX120   0   3   1  -1  -4  -5  -6  -5  -4  -1   0   2   2   3   4   6   9   8   5   4   3   3   4   4   1   2
DST2306*10PPX120   0  -2  -2   2   4   6   6   7   7   8   8   7   7   7   5   2   1   0   0   2   6  11  14  15  15   6
DST2306*11PPX120   0  11  14  14  15  13  10  12  18  22  24  22  18  15  15  13  11   9   1   0   1   4   3   8  10  12
DST2306*12PPX120   0   6   5   2   2   1   0   1   4   2   2   5   4   2   1  -5  -5  -5  -5  -5  -4   1   2   1  -3   0
DST2306*13PPX120   0  -4  -3  -1   1   0   1   2   1   3   4   5   3   4   3   3   1  -1  -7  -6  -4  -1  -2  -1  -1   0
DST2306*14PPX120   0  -4  -9 -11  -6  -4  -3  -2   0   1   3   3   3   1  -2  -1  -2  -2  -4  -5  -5  -3  -2  -1   0  -2
DST2306*15PPX120   0   1   0   2   1  -3  -3  -4  -6   1   4   7   4   4  20  19  19  -1 -11 -29 -35 -41 -37 -35 -41  -7
DST2306*16PPX120   0 -41 -45 -45 -54 -53 -61 -65 -59 -68 -72 -57 -52 -48 -51 -52 -59 -60 -58 -58 -57 -56 -49 -44 -42 -54
DST2306*17PPX120   0 -36 -35 -36 -34 -34 -38 -38 -35 -35 -34 -31 -28 -28 -29 -28 -33 -33 -32 -31 -32 -33 -33 -33 -35 -33
DST2306*18PPX120   0 -33 -32 -27 -30 -31 -34 -33 -28 -28 -28 -28 -30 -29 -29 -30 -33 -41 -47 -50 -47 -44 -41 -38 -37 -35
DST2306*19PPX120   0 -36 -37 -32 -29 -23 -25 -26 -23 -19 -15 -15 -15 -14 -17 -19 -22 -24 -28 -32 -34 -32 -25 -29 -33 -25
DST2306*20PPX120   0 -33 -28 -25 -21 -20 -21 -23 -20 -18 -18 -16 -17 -20 -22 -24 -25 -26 -25 -24 -21 -18 -18 -21 -21 -22
DST2306*21PPX120   0 -17 -20 -24 -16 -16 -19 -19 -16 -12 -12 -10  -8  -7 -10 -13 -17 -20 -19 -17 -16 -14 -15 -22 -19 -16
DST2306*22PPX120   0 -20 -17 -15 -13 -12 -15 -16 -15 -17 -30 -26 -25 -22 -22 -25 -28 -31 -34 -38 -39 -35 -30 -29 -33 -24
DST2306*23PPX120   0 -34 -30 -25 -19 -18 -19 -20 -17 -17 -19 -15 -16 -18 -18 -23 -23 -20 -23 -28 -29 -27 -30 -29 -26 -23
DST2306*24PPX120   0 -25 -26 -26 -22 -20 -23 -35 -30 -26 -22 -21 -24 -25 -24 -25 -31 -28 -27 -25 -22 -18 -27 -29 -33 -26
DST2306*25PPX120   0 -51 -57 -41 -38 -34 -43 -41 -36 -31 -29 -28 -28 -29 -29 -28 -33 -37 -45 -44 -43 -36 -31 -31 -34 -37
DST2306*26PPX120   0 -34 -35 -34 -30 -28 -32 -29 -25 -22 -24 -26 -27 -25 -27 -28 -33 -37 -33 -28 -24 -25 -26 -22 -23 -28
DST2306*27PPX120   0 -24 -22 -28 -28 -27 -26 -25 -29 -23 -23 -17 -15 -20 -22 -22 -25 -26 -28 -28 -23 -16 -13 -18 -24 -23
DST2306*28PPX120   0 -27 -24 -21 -18 -21 -21 -16 -13 -14 -15 -15 -14 -13 -15 -16 -19 -18 -19 -20 -17 -17 -11  -9 -12 -17
DST2306*29PPX120   0 -12 -14 -15 -16 -21 -23 -21 -19 -21 -30 -34 -29 -32 -33 -35 -39 -35 -39 -42 -44 -41 -40 -39 -33 -29
DST2306*30PPX120   0 -32 -31 -24 -26 -25 -25 -25 -24 -25 -23 -21 -19 -20 -23 -19 -20 -27 -27 -27 -24 -20 -17 -15 -17 -23

[Created at Tue Mar 5 04:33:51 UTC 2024]
