DST2301*01PPX120   0 -23 -21 -23 -26 -26 -23 -19 -17 -16 -15 -19 -19 -17 -16 -20 -18 -19 -16 -19 -23 -24 -19 -12 -17 -19
DST2301*02PPX120   0 -17 -20 -20 -18 -15 -20 -18 -13  -9  -6  -8 -13 -10 -10 -15 -13 -15 -15 -11  -8  -9 -10  -8  -9 -13
DST2301*03PPX120   0  -8 -10 -13 -12  -6  -5  -5  -3  -4  -5  -2  -6  -9 -10  -9 -10 -13 -15 -16 -14  -7   3  11   0  -7
DST2301*04PPX120   0  -8  -5 -13 -27 -36 -39 -45 -54 -58 -61 -50 -46 -42 -39 -29 -15 -10  -8  -7  -2  -2  -1  -2  -2 -25
DST2301*05PPX120   0   1   1  -1   2   8  10  11  14  16  13  11   9   1  -4 -10  -8 -15 -18 -20 -22 -24 -26 -26 -22  -4
DST2301*06PPX120   0 -19 -16 -17 -18 -20 -21 -17 -12 -11  -9  -8  -9  -9  -8  -8  -8  -8 -10  -9  -8  -2   0   3   3 -10
DST2301*07PPX120   0   2  -1  -3  -3  -3  -4  -1   2   4   6   5   2   1   2   4   6   6  -2  -3  -1   1   1   3   3   1
DST2301*08PPX120   0   3  -3  -9 -11 -16 -19 -15  -3   6   7   7  -3  -6  -9  -8  -8 -11 -11  -8  -1   3   5   4   0  -4
DST2301*09PPX120   0  -3  -3  -5  -3   3   5   4   4   3   4   7   9   8   4   2   2  -1  -2  -6  -9  -5  -2  -2   1   1
DST2301*10PPX120   0   2   1   1   4   7   9   9  10  12  12  13  10   9  11  12   3  -2  -4  -5  -5  -2  -3  -3  -5   4
DST2301*11PPX120   0  -6  -8  -6  -3  -2  -7  -3  -2   3   8   4  -7  -6  -5  -4   1   3   2  -2  -3  -3  -3  -4  -9  -3
DST2301*12PPX120   0  -7   0   4   4   6   5   3   2  -1   2   1   0   3   4   4   5   3   0  -2  -3  -6  -6 -11 -12   0
DST2301*13PPX120   0 -14 -12  -7  -4  -2  -2  -9 -11 -10 -17 -23 -24 -28 -23 -15 -11  -9  -9  -9  -5 -21 -27 -34 -37 -15
DST2301*14PPX120   0 -39 -37 -33 -32 -30 -30 -22 -20 -21 -22 -22 -24 -23 -22 -20 -15 -18 -21 -19 -21 -19 -22 -32 -42 -25
DST2301*15PPX120   0 -46 -38 -34 -35 -36 -37 -39 -29 -39 -49 -39 -45 -51 -57 -50 -38 -42 -40 -32 -35 -38 -42 -42 -32 -40
DST2301*16PPX120   0 -18 -10  -7 -14 -15 -14 -13 -16 -22 -27 -29 -30 -24 -18 -15 -17 -13 -12 -13 -14 -13 -16 -16 -14 -17
DST2301*17PPX120   0 -14 -12 -11 -10  -8  -4  -6  -5  -4  -1  -6  -9 -12 -12  -9  -6  -7  -8  -6  -2   2   5  18   3  -5
DST2301*18PPX120   0 -19 -24 -31 -30 -31 -25 -21 -14 -13 -12 -12 -14 -15 -18 -17 -13 -10 -13 -15 -15 -13 -15 -13 -14 -17
DST2301*19PPX120   0 -16 -16 -17 -13  -8  -9 -18 -22 -18 -10 -18 -21 -15 -11  -8  -7  -8 -12 -16 -16 -14  -9  -6  -8 -13
DST2301*20PPX120   0 -11 -12 -11  -7  -2  -1   0   1   1   0  -2  -2   4   3   1  -6 -10  -7  -5  -3  -3  -4  -1  -1  -3
DST2301*21PPX120   0   4  -1   0   1  -2 -18 -27 -18 -11 -19 -22 -19 -12  -7  -7  -6 -12 -14 -16 -12 -11 -10  -3  -3 -10
DST2301*22PPX120   0   0   1  -2  -4  -5  -7  -8  -7  -5 -11 -12 -13 -16 -12  -8  -8  -6 -10 -14 -10  -9 -12 -10 -13  -8
DST2301*23PPX120   0 -13 -12 -10  -3   7   6   6   5   2  -2  -1  -2  -5  -6  -7 -15 -24 -27 -24 -21 -23 -24 -16 -15  -9
DST2301*24PPX120   0 -12  -9  -6  -7  -6  -3  -3  -5  -5  -6  -8  -9  -8  -9  -7  -4  -5  -4  -4  -2   0   2   1   0  -5
DST2301*25PPX120   0  -1  -2  -3  -3  -1   2   3   4   4   2   1  -7  -6  -8 -15 -17 -21 -13  -3  -1   3   2   2  -3  -3
DST2301*26PPX120   0  -5   0   2   1   3   7   6   5   1  -3 -11 -12  -4  -3   0   3   1   0  -4  -1   0   0  -3  -8  -1
DST2301*27PPX120   0  -9 -10  -8  -6   0   3   1   1   0  -6 -16 -19 -10  -5  -7  -5  -4  -2   1   4   3   0   2  -3  -4
DST2301*28PPX120   0 -14 -21 -22 -15  -8 -10 -11  -8  -6  -5  -6  -7  -3   1   5   7   4   2   2   1   4   3   1  -1  -4
DST2301*29PPX120   0  -2  -1  -1   2   3   2   4   4   3   5   3   3   4   5   1  -4  -1   3   5   4   4   5   8   7   3
DST2301*30PPX120   0   8   9   9   7   7   7   6   6   8   7   6   8   8  12  18  23  24  22  23  25  17   6   1   0  11
DST2301*31PPX120   0  -1   1   4   7   3  -3  -6  -9 -11 -13  -9   0   3   4   0  -6 -11 -15 -20 -20 -16 -16 -10  -9  -6

[Created at Tue Mar 5 04:31:29 UTC 2024]
